0 netflix 0.0 0.0
1 gmail 243.283928393 278014.656758
2 netflix 0.279827982798 247.847088839
3 netflix 0.271727172717 239.628034531
4 netflix 0.271727172717 239.628034531
5 netflix 0.0 0.0
6 netflix 0.0 0.0
7 netflix 7.07880788079 10098.0829982
8 netflix 50.9175917592 68580.4178513
9 netflix 0.0 0.0
10 netflix 0.989698969897 1213.86278018
11 netflix 0.0 0.0
12 netflix 0.0 0.0
13 netflix 0.0 0.0
14 gmail 2.13171317132 2374.84963834
15 gmail 1.58405840584 1936.81699159
16 netflix 33.9231923192 45605.738475
17 netflix 0.30603060306 341.659920627
18 netflix 1.19941994199 1337.93462913
19 gmail 8.5399539954 11685.851364
20 gmail 14.8221822182 19858.4218262
21 gmail 7.13321332133 9841.92944893
22 gmail 0.628362836284 715.790678698
23 netflix 0.0 0.0
24 gmail 8.39353935394 11025.9750398
25 netflix 0.279527952795 311.435915529
26 netflix 1.47234723472 1939.14492489
27 netflix 0.585358535854 637.847874436
28 gmail 2.19241924192 2395.11288983
29 gmail 0.57095709571 578.362376832
30 gmail 1.40944094409 1555.77395227
31 gmail 0.0 0.0
32 gmail 14.2875287529 17589.9728328
33 netflix 6.43474347435 9046.63858086
34 netflix 6.4400440044 9046.85126577
35 netflix 6.43474347435 9046.63858086
36 netflix 6.42414241424 9044.67088829
37 netflix 6.43474347435 9046.63858086
38 netflix 18.4852485249 26029.2078782
39 netflix 18.4836483648 26027.6018678
40 netflix 6.43474347435 9046.63858086
41 netflix 6.4400440044 9046.85126577
42 netflix 12.4613461346 17577.4926303
43 gmail 0.491549154915 513.95469906
44 netflix 0.0 0.0
45 netflix 20.6671667167 28841.388972
46 netflix 0.464846484648 576.142353589
47 netflix 0.989298929893 1226.36362186
48 netflix 0.910391039104 1104.97406844
49 gmail 10.7348734873 14957.7289879
50 gmail 12.100510051 16516.2480235
51 netflix 20.6544654465 28875.4412619
52 netflix 2.16451645165 2982.72830987
53 netflix 3.23622362236 4461.02430641
54 netflix 0.567856785679 631.189689886
55 gmail 0.297229722972 330.065669893
56 netflix 0.914091409141 1105.10423088
57 unknown 0.115211521152 72.3349611288
58 netflix 0.905890589059 1268.20646495
59 gmail 0.197819781978 196.670538301
60 gmail 0.0 0.0
61 netflix 0.100910091009 54.6805862304
62 netflix 0.10101010101 54.7540733872
63 netflix 0.102210221022 55.6515192673
64 netflix 0.108310831083 64.6596359006
65 netflix 0.105610561056 60.8717346982
66 netflix 0.0997099709971 53.1018691028
67 netflix 0.108210821082 64.5861502042
68 gmail 0.864686468647 976.749467026
69 unknown 2.47914791479 2687.77831806
70 gmail 0.543854385439 629.690221008
71 gmail 0.0 0.0
72 gmail 18.7281728173 24474.8057979
73 netflix 1.47234723472 1939.14492489
74 netflix 1.47774777478 1939.27480737
75 netflix 1.4696469647 1939.07996178
76 netflix 1.47774777478 1939.27480737
77 netflix 0.2300230023 246.10550526
78 netflix 1.47774777478 1939.27480737
79 netflix 1.48274827483 1949.07838525
80 netflix 0.0 0.0
81 gmail 11.8742874287 16538.9727952
82 gmail 0.0 0.0
83 netflix 0.0 0.0
84 gmail 65.0358035804 87287.837702
85 gmail 248.692369237 280253.935966
86 gmail 0.256525652565 281.662067377
87 gmail 239.849484948 274379.82343
88 netflix 0.94599459946 1287.27481119
89 netflix 20.6628662866 28983.7568279
90 netflix 0.279227922792 247.162155779
91 netflix 0.271727172717 239.628034531
92 netflix 0.413841384138 299.042456681
93 netflix 0.271727172717 239.628034531
94 netflix 0.412641264126 297.552899504
95 netflix 0.271727172717 239.628034531
96 netflix 0.271727172717 239.628034531
97 netflix 0.0 0.0
98 netflix 0.609660966097 732.795030178
99 netflix 2.34543454345 2846.55154206
100 gmail 29.9454945495 39695.7181012
101 gmail 15.7533753375 21412.5746398
102 gmail 0.0 0.0
103 gmail 0.0 0.0
104 gmail 2.62566256626 3206.35062056
105 netflix 2.47914791479 2687.77831806
106 netflix 3.02320232023 3277.072969
107 gmail 0.013501350135 0.36435416719
108 netflix 0.145414541454 130.902747
109 netflix 683.01110111 519049.485725
110 netflix 0.662466246625 693.165898948
111 netflix 0.928092809281 900.834613334
112 netflix 1.47774777478 1939.27480737
113 netflix 0.646564656466 692.343930343
114 gmail 0.0 0.0
115 gmail 0.0 0.0
116 gmail 2.49584958496 2869.69432721
117 gmail 0.0 0.0
118 gmail 7.67666766677 10121.6955362
119 netflix 0.921492149215 1105.36447358
120 gmail 7.12501250125 9838.32180562
121 gmail 7.75237523752 10174.8509732
122 gmail 14.6418641864 19512.8759392
123 gmail 14.5286528653 19464.7946336
124 gmail 22.5117511751 30068.2328602
125 netflix 0.145414541454 130.902747
126 netflix 132.127712771 172613.726964
127 netflix 0.814481448145 754.930779387
128 netflix 0.814481448145 754.930779387
129 unknown 0.271727172717 239.628034531
130 netflix 0.11501150115 72.0357772551
131 netflix 0.987198719872 1189.61679782
132 netflix 0.145414541454 130.902747
133 netflix 0.145414541454 130.902747
134 netflix 0.145414541454 130.902747
135 gmail 0.543854385439 629.690221008
136 gmail 13.200720072 17936.5920747
137 gmail 0.0 0.0
138 gmail 0.197819781978 196.670538301
139 gmail 0.0 0.0
140 gmail 26.5884588459 36270.2527761
141 gmail 92.9058905891 119778.765721
142 gmail 1.69736973697 2002.21944603
143 gmail 1.56275627563 1731.94263131
144 gmail 4.23792379238 5446.04210214
145 gmail 6.3700370037 7881.15740205
146 gmail 0.719371937194 855.086364402
147 gmail 0.528752875288 580.122760631
148 gmail 0.040604060406 16.4835998351
149 netflix 0.40704070407 228.714805914
150 gmail 10.7494749475 14959.5470982
151 gmail 15.8353835384 21790.9451987
152 netflix 0.451345134513 488.421850126
153 netflix 0.413841384138 299.042456681
154 netflix 0.0 0.0
155 netflix 0.271727172717 239.628034531
156 netflix 0.0 0.0
157 netflix 0.0 0.0
158 netflix 0.0 0.0
159 netflix 0.0 0.0
160 netflix 0.271727172717 239.628034531
161 netflix 0.415241524152 300.816673387
162 netflix 0.0 0.0
163 gmail 11.9453945395 14912.41426
164 netflix 2.75167516752 3563.67700864
165 gmail 0.597759775978 570.664085391
166 netflix 0.0997099709971 53.1018691028
167 netflix 0.108310831083 64.6596359006
168 netflix 0.105610561056 60.8717346982
169 netflix 0.10101010101 54.7540733872
170 netflix 0.10101010101 54.7540733872
171 netflix 0.217821782178 130.192977714
172 netflix 0.853485348535 1003.15935154
173 netflix 0.10101010101 54.7540733872
174 gmail 0.0 0.0
175 netflix 0.29502950295 244.64043034
176 gmail 0.0 0.0
177 gmail 0.0 0.0
178 gmail 0.0 0.0
179 gmail 0.0 0.0
180 gmail 0.0 0.0
181 gmail 0.0 0.0
182 gmail 0.0 0.0
183 gmail 0.0 0.0
184 netflix 762.519751975 519957.432528
185 netflix 0.0 0.0
186 gmail 0.63796379638 633.387481642
187 gmail 0.654865486549 729.832177298
188 netflix 2.65686568657 3662.10198082
189 gmail 0.783878387839 961.253721491
190 netflix 0.0 0.0
191 gmail 20.303930393 25698.9368292
192 gmail 0.0837083708371 2.25311892125
193 gmail 1.14731473147 1264.36443698
194 gmail 0.0 0.0
195 gmail 275.555055506 303544.86063
196 gmail 272.190519052 301155.144121
197 gmail 0.606760676068 714.982676566
198 gmail 0.0 0.0
199 gmail 0.0 0.0
200 gmail 3.77227722772 4361.08335586
201 gmail 0.586558655866 562.097293077
202 gmail 0.586858685869 562.468078131
203 unknown 1.47774777478 1939.27480737
204 gmail 0.0 0.0
205 gmail 203.449644964 235747.515391
206 gmail 362.091009101 368442.835602
207 gmail 8.22352235224 11104.9170345
208 netflix 6.43474347435 9046.63858086
209 netflix 6.43474347435 9046.63858086
210 netflix 6.42944294429 9046.42583979
211 netflix 6.4400440044 9046.85126577
212 netflix 6.42944294429 9046.42583979
213 netflix 6.43474347435 9046.63858086
214 gmail 0.545054505451 632.809226217
215 netflix 6.43474347435 9046.63858086
216 netflix 6.43474347435 9046.63858086
217 netflix 6.44534453445 9047.06389446
218 netflix 1.17061706171 1635.55824855
219 netflix 1.17061706171 1635.55824855
220 netflix 1.17061706171 1635.55824855
221 netflix 1.17061706171 1635.55824855
222 netflix 1.17061706171 1635.55824855
223 netflix 1.17061706171 1635.55824855
224 netflix 1.17061706171 1635.55824855
225 netflix 1.17061706171 1635.55824855
226 netflix 1.17061706171 1635.55824855
227 netflix 11.5456545655 16251.6566565
228 gmail 0.606760676068 714.982676566
229 netflix 0.914091409141 1105.10423088
230 netflix 0.242724272427 261.522943114
231 netflix 0.242724272427 262.423033123
232 netflix 0.242724272427 261.522943114
233 netflix 0.242424242424 262.101846548
234 netflix 0.242924292429 261.704464136
235 netflix 0.242724272427 261.614552274
236 gmail 6.27402740274 8437.64268076
237 netflix 0.0 0.0
238 netflix 0.451445144514 488.471864849
239 netflix 1.47774777478 1939.27480737
240 netflix 0.656165616562 707.788968636
241 netflix 1.47774777478 1939.27480737
242 netflix 1.47774777478 1939.27480737
243 netflix 1.47774777478 1939.27480737
244 netflix 1.47504750475 1939.20987342
245 netflix 1.47774777478 1939.27480737
246 netflix 1.47774777478 1939.27480737
247 netflix 0.0 0.0
248 netflix 0.853485348535 1003.15935154
249 netflix 1.47504750475 1939.20987342
250 netflix 1.47774777478 1939.27480737
251 netflix 0.290729072907 261.546939752
252 netflix 21.4456445645 29704.9557164
253 netflix 24.2663266327 33659.8729645
254 netflix 24.9542954295 34442.7104824
255 netflix 207.382138214 254856.273712
256 gmail 0.542854285429 627.113049998
257 netflix 1.01710171017 1340.90029759
258 netflix 0.770877087709 961.716179558
259 netflix 25.3541354135 35322.2875294
260 netflix 0.0698069806981 24.3739648692
261 netflix 25.6500650065 36069.1459723
262 netflix 0.0697069706971 24.3024716713
263 netflix 54.8438843884 70843.2048508
264 gmail 0.620662066207 708.896906812
265 gmail 0.0767076707671 26.2176382855
266 gmail 0.620562056206 708.843325576
267 gmail 0.620562056206 708.843325576
268 gmail 0.62296229623 705.357392525
269 gmail 0.620462046205 708.789944341
270 gmail 0.620562056206 708.843325576
271 gmail 0.620762076208 708.950688048
272 netflix 1.71787178718 2020.28093973
273 netflix 0.853685368537 1003.26382055
274 netflix 0.40704070407 228.714805914
275 gmail 0.0 0.0
276 netflix 1.47824782478 1810.54335623
277 netflix 30.6844684468 41702.7768275
278 netflix 26.3479347935 35522.9289464
279 netflix 49.4439443944 65890.809514
280 netflix 49.1584158416 66707.5168586
281 netflix 159.265926593 199987.467337
282 gmail 0.0 0.0
283 netflix 79.0215021502 101688.569495
284 gmail 0.197819781978 196.670538301
285 netflix 0.115211521152 72.3349611288
286 netflix 0.146614661466 133.513857676
287 gmail 0.664466446645 778.924620955
288 gmail 0.0 0.0
289 netflix 0.145414541454 130.902747
290 gmail 0.739273927393 897.638092523
291 netflix 0.145414541454 130.902747
292 netflix 0.472447244724 588.060621984
293 netflix 0.0 0.0
294 gmail 0.514651465147 537.311491505
295 gmail 17.096109611 22979.8348474
296 gmail 16.0574057406 21648.1465196
297 gmail 17.0716071607 22633.6898419
298 gmail 146.846684668 176274.637261
299 gmail 74.1827182718 97980.9482122
300 gmail 2.81898189819 3815.4357793
301 gmail 18.2753275328 24065.5710594
302 netflix 1.67136713671 1090.71368261
303 netflix 0.018501850185 0.684226138385
304 gmail 0.542854285429 627.113049998
305 gmail 0.0 0.0
306 gmail 1.3596359636 1569.52922783
307 gmail 21.5750575058 24807.0712491
308 netflix 0.0740074007401 2.73279673202
309 gmail 0.804080408041 876.61558091
310 netflix 14.4322432243 19919.2217066
311 netflix 4.64706470647 5927.14486362
312 gmail 3.26372637264 3845.23467882
313 gmail 0.0 0.0
314 gmail 0.610061006101 722.882951082
315 gmail 0.0 0.0
316 netflix 0.115211521152 72.3349611288
317 gmail 7.39493949395 9723.61029942
318 netflix 0.115211521152 72.3349611288
319 gmail 7.5103510351 9761.52462032
320 gmail 15.3773377338 20411.0042309
321 gmail 7.39223922392 9723.57732151
322 gmail 7.67316731673 10121.4571368
323 gmail 14.6905690569 19652.1252746
324 gmail 14.804480448 19852.3369096
325 gmail 14.8071807181 19852.3298574
326 gmail 0.0 0.0
327 netflix 0.794779477948 804.466535402
328 netflix 30.2052205221 41642.3941282
329 netflix 0.794779477948 804.466535402
330 netflix 0.279527952795 311.435915529
331 gmail 0.546054605461 635.430397225
332 gmail 0.732173217322 869.373813369
333 netflix 0.937893789379 1164.66510972
334 netflix 1.19941994199 1337.89962563
335 netflix 0.280728072807 312.500949725
336 netflix 0.279527952795 311.435915529
337 netflix 0.841084108411 936.91713998
338 netflix 0.891889188919 994.64847807
339 netflix 1.15601560156 1285.20658223
340 netflix 0.469246924692 582.879717315
341 netflix 0.290329032903 322.058023284
342 netflix 0.568456845685 631.823871516
343 gmail 0.549254925493 629.830132208
344 gmail 0.58595859586 561.354522311
345 gmail 0.683668366837 612.846328937
346 netflix 0.992699269927 1296.43529023
347 netflix 17.4636463646 24116.6829218
348 netflix 297.98149815 342590.868444
349 netflix 1.20662066207 1359.56706888
350 netflix 0.108210821082 64.5861502042
351 netflix 0.100910091009 54.6805862304
352 unknown 25.9591959196 35885.768112
353 netflix 0.0 0.0
354 netflix 0.0 0.0
355 netflix 0.271727172717 239.628034531
356 netflix 0.0 0.0
357 netflix 0.105610561056 60.8717346982
358 netflix 0.10101010101 54.7540733872
359 netflix 0.10101010101 54.7540733872
360 netflix 0.10101010101 54.7540733872
361 netflix 0.105610561056 60.8717346982
362 netflix 0.105610561056 60.8717346982
363 netflix 0.108310831083 64.6596359006
364 netflix 0.0997099709971 53.1018691028
365 gmail 0.0 0.0
366 netflix 2.03070307031 2589.53311073
367 gmail 7.67856785679 10121.5200437
368 gmail 7.24302430243 9613.99434453
369 netflix 0.451145114511 488.322420681
370 gmail 7.13341334133 9840.70607327
371 gmail 7.22122212221 9885.99346501
372 gmail 62.2315231523 82949.5380562
373 gmail 7.39223922392 9723.57732151
374 gmail 7.12491249125 9838.30852929
375 netflix 0.0 0.0
376 netflix 0.0 0.0
377 gmail 0.546554655466 629.760183899
378 gmail 0.594259425943 565.11940299
379 gmail 0.589158915892 565.350361519
380 unknown 0.585558555856 652.92474794
381 netflix 0.451445144514 488.471864849
382 netflix 0.484948494849 632.257374212
383 netflix 0.271727172717 239.628034531
384 gmail 0.0 0.0
385 gmail 296.766476648 322554.529225
386 gmail 299.574357436 320112.685115
387 netflix 12.5094509451 17579.893475
388 gmail 235.178417842 270499.39971
389 gmail 0.198819881988 198.804355043
390 gmail 0.198819881988 198.804355043
391 netflix 0.412241224122 297.062780446
392 unknown 0.465646564656 577.338528812
393 netflix 12.4719471947 17577.7901671
394 netflix 12.4613461346 17577.4926303
395 netflix 8.22852285229 11607.944677
396 gmail 0.686568656866 616.476218239
397 netflix 6.43474347435 9046.63858086
398 netflix 6.43474347435 9046.63858086
399 netflix 6.45594559456 9047.4889833
400 netflix 6.78697869787 9488.65489196
401 gmail 0.237223722372 176.545385071
402 netflix 6.41884188419 9046.00018903
403 netflix 1.17061706171 1635.55824855
404 netflix 1.17061706171 1635.55824855
405 netflix 1.17061706171 1635.55824855
406 netflix 1.17061706171 1635.55824855
407 netflix 1.17061706171 1635.55824855
408 netflix 1.17061706171 1635.55824855
409 gmail 0.0 0.0
410 netflix 1.17061706171 1635.55824855
411 netflix 1.17061706171 1635.55824855
412 netflix 1.17061706171 1635.55824855
413 netflix 1.01650165017 1262.27105483
414 gmail 0.491649164916 641.303435614
415 netflix 860.106710671 503908.25574
416 gmail 0.0 0.0
417 netflix 0.24202420242 260.936523795
418 netflix 0.244124412441 264.261735404
419 netflix 0.451445144514 488.471864849
420 netflix 5.17931793179 6748.18076637
421 netflix 0.452145214521 489.113196469
422 netflix 0.40704070407 228.714805914
423 gmail 293.640564056 316733.495968
424 unknown 1.96199619962 2533.65272113
425 netflix 1.47774777478 1939.27480737
426 netflix 1.47774777478 1939.27480737
427 netflix 1.47354735474 1940.1806934
428 netflix 1.47774777478 1939.27480737
429 netflix 1.47234723472 1939.14492489
430 netflix 1.47774777478 1939.27480737
431 netflix 1.47234723472 1939.14492489
432 netflix 1.47774777478 1939.27480737
433 netflix 1.47774777478 1939.27480737
434 gmail 1.13611361136 1228.15239018
435 netflix 21.5512551255 30098.3545837
436 netflix 37.4754475448 52068.6584381
437 netflix 61.1081108111 82917.6641797
438 netflix 8.55375537554 11668.983184
439 netflix 17.6121612161 24971.8745836
440 netflix 48.4872487249 67103.9968121
441 netflix 19.1648164816 26980.2188601
442 netflix 17.6121612161 24971.8745836
443 netflix 0.670067006701 882.235278634
444 netflix 0.642864286429 694.516018439
445 gmail 0.51695169517 551.600847754
446 netflix 0.657765776578 710.542341683
447 gmail 0.542854285429 627.113049998
448 netflix 0.451345134513 488.421850126
449 gmail 0.542854285429 627.113049998
450 gmail 0.002700270027 0.0728999992709
451 gmail 0.0 0.0
452 gmail 0.720172017202 906.539358066
453 gmail 12.2639263926 16616.2396738
454 gmail 0.200020002 201.391335133
455 netflix 4.10631063106 5311.59355854
456 netflix 0.40704070407 228.714805914
457 gmail 0.628062806281 715.246501208
458 unknown 1.69356935694 1091.4604557
459 gmail 0.0 0.0
460 netflix 0.853585358536 1003.21148604
461 netflix 0.145314531453 130.686454444
462 netflix 3.72117211721 5200.38550133
463 netflix 23.7746774677 31446.211356
464 unknown 33.4533453345 44279.3115297
465 netflix 1.47234723472 1939.14492489
466 netflix 27.3357335734 36473.5293472
467 gmail 0.874387438744 1081.51557462
468 netflix 0.859485948595 1009.92455023
469 netflix 0.0 0.0
470 netflix 2.01690169017 2561.95881024
471 netflix 2.89358935894 3703.30500841
472 netflix 4.65936593659 5953.11689172
473 netflix 0.271727172717 239.628034531
474 netflix 0.0 0.0
475 netflix 0.415241524152 300.816673387
476 netflix 0.0 0.0
477 netflix 0.115211521152 72.3349611288
478 netflix 0.0 0.0
479 netflix 0.271727172717 239.628034531
480 netflix 0.0 0.0
481 netflix 0.271727172717 239.628034531
482 netflix 0.0 0.0
483 netflix 0.0 0.0
484 netflix 1.4696469647 1939.07996178
485 gmail 1.14691469147 1238.61958019
486 netflix 0.855385538554 950.012289979
487 netflix 0.906690669067 1019.95338958
488 netflix 0.568056805681 631.400283763
489 netflix 0.586158615862 653.771329569
490 netflix 0.892889288929 996.068835326
491 netflix 1.02880288029 1187.29109959
492 netflix 0.868286828683 980.717625138
493 netflix 0.48404840484 585.675888161
494 netflix 1.08510851085 1310.7253298
495 netflix 0.657165716572 692.891965604
496 netflix 0.657165716572 692.891965604
497 gmail 8.0300030003 10767.1204119
498 netflix 0.794779477948 804.466535402
499 netflix 0.0 0.0
500 netflix 0.648164816482 694.790103393
501 netflix 0.928092809281 900.373767249
502 netflix 0.657165716572 692.891965604
503 gmail 51.5268526853 66182.5921132
504 netflix 0.657165716572 692.891965604
505 netflix 0.200720072007 107.835799061
506 netflix 0.103710371037 58.293574592
507 netflix 0.0996099609961 53.0283816861
508 netflix 0.108310831083 64.6596359006
509 netflix 0.0996099609961 53.0283816861
510 netflix 0.10101010101 54.7540733872
511 netflix 0.100910091009 53.9993181036
512 netflix 0.0997099709971 53.1018691028
513 gmail 14.5837583758 20222.7870389
514 gmail 0.0 0.0
515 gmail 0.0 0.0
516 netflix 0.100910091009 54.6805862304
517 gmail 20.9865986599 28832.925913
518 gmail 0.546554655466 629.760183899
519 netflix 38.3796379638 51517.8844779
520 netflix 1.00190019002 1310.43734012
521 gmail 8.13541354135 10959.7418392
522 gmail 65.0804080408 85776.707806
523 gmail 0.606760676068 714.982676566
524 netflix 0.0 0.0
525 netflix 1.14551455146 1492.46977461
526 gmail 0.028902890289 8.35209991646
527 netflix 0.40704070407 228.714805914
528 gmail 11.9522952295 16529.4205665
529 gmail 0.0 0.0
530 netflix 0.115211521152 72.3349611288
531 gmail 0.0 0.0
532 gmail 82.9312931293 109837.923772
533 netflix 3.88558855886 5185.32124346
534 netflix 3.79657965797 5053.3979641
535 netflix 0.145414541454 130.902747
536 netflix 22.3438343834 31028.892879
537 gmail 0.0 0.0
538 gmail 13.1688168817 17848.9816019
539 gmail 10.7401740174 14957.7658738
540 netflix 0.773377337734 965.150162321
541 netflix 0.846884688469 996.354693515
542 netflix 0.0 0.0
543 netflix 0.811381138114 975.032729756
544 gmail 0.0 0.0
545 gmail 0.49704970497 514.223388636
546 netflix 0.465946594659 577.944009882
547 netflix 0.307730773077 172.889300171
548 netflix 22.4424442444 31208.1210748
549 netflix 1.64846484648 1085.5450899
550 netflix 0.0 0.0
551 netflix 1.95879587959 2556.20072246
552 netflix 0.0 0.0
553 netflix 27.5836583658 38044.1897959
554 netflix 0.018501850185 0.684226138385
555 netflix 1.67136713671 1090.71368261
556 netflix 1.64366436644 1844.69400701
557 netflix 16.2323232323 22959.0310344
558 gmail 0.627562756276 720.023506721
559 gmail 0.016201620162 0.437181251878
560 gmail 14.4380438044 19146.8568225
561 netflix 7.07870787079 10097.9739031
562 gmail 3.51275127513 4222.50326274
563 netflix 4.72297229723 5769.55561888
564 gmail 0.542854285429 627.113049998
565 gmail 8.56425642564 11422.0854551
566 netflix 111.269126913 139390.825961
567 gmail 5.77117711771 6806.93933926
568 gmail 0.528652865287 580.013755471
569 netflix 0.921492149215 1105.36447358
570 gmail 0.624362436244 709.513261857
571 netflix 1.02390239024 1262.52978171
572 netflix 1.99649964996 2502.08469622
573 gmail 0.62696269627 709.527209807
574 gmail 0.0 0.0
575 netflix 20.6539653965 28878.3251045
576 gmail 7.67586758676 10121.4885975
577 gmail 6.27942794279 8437.7206999
578 gmail 7.7496749675 10174.8199256
579 gmail 7.74937493749 10174.0581992
580 gmail 7.68126812681 10121.5514753
581 netflix 0.657165716572 692.891965604
582 netflix 0.657165716572 692.891965604
583 gmail 27.5155515552 33439.7203052
584 gmail 0.586558655866 562.101493497
585 gmail 2.12771277128 2371.15430651
586 netflix 1.85418541854 2241.97333757
587 netflix 12.4565456546 17573.3398209
588 netflix 6.42414241424 9046.2130425
589 netflix 6.41884188419 9046.00018903
590 netflix 12.4565456546 17573.3398209
591 netflix 12.4565456546 17573.3398209
592 netflix 0.0 0.0
593 netflix 18.5466546655 26037.6965682
594 netflix 6.42414241424 9046.2130425
595 gmail 0.530653065307 572.574692953
596 netflix 12.4613461346 17577.4926303
597 netflix 12.4613461346 17577.4926303
598 netflix 2.15521552155 2974.46275683
599 unknown 0.312731273127 351.525861517
600 netflix 0.11501150115 72.0357772551
601 netflix 0.0697069706971 24.3024716713
602 netflix 0.146614661466 133.513857676
603 netflix 0.0697069706971 24.3024716713
604 netflix 0.0710071007101 25.2474832442
605 netflix 2.91639163916 3629.1975301
606 netflix 2.08080808081 2571.39501021
607 netflix 2.02850285029 2490.99958763
608 netflix 2.89678967897 3647.2120699
609 netflix 1.08400840084 1449.13685698
610 netflix 1.47774777478 1939.27480737
611 netflix 0.934193419342 1227.76724665
612 netflix 0.40704070407 228.714805914
613 netflix 1.87428742874 2324.98219615
614 netflix 0.242524252425 261.341822051
615 netflix 0.242624262426 261.478087162
616 gmail 0.614361436144 679.316029372
617 netflix 0.24402440244 263.312589305
618 netflix 1.23612361236 1706.93404462
619 unknown 0.853585358536 1003.21148604
620 gmail 3.13711371137 4134.98460017
621 netflix 0.0 0.0
622 gmail 0.528752875288 580.122760631
623 netflix 0.914091409141 1105.10423088
624 netflix 1.01650165017 1262.27105483
625 netflix 129.531453145 169984.678654
626 netflix 0.320732073207 272.14265549
627 gmail 0.624262426243 706.066942087
628 netflix 143.677767777 185874.420419
629 gmail 0.621662166217 709.443719169
630 netflix 0.796179617962 656.875348941
631 netflix 0.0698069806981 24.3739648692
632 netflix 0.0697069706971 24.3024716713
633 gmail 0.528652865287 580.013755471
634 netflix 0.657165716572 692.891965604
635 netflix 0.657165716572 692.891965604
636 gmail 2.12771277128 2371.15430651
637 netflix 0.657165716572 692.891965604
638 netflix 0.657165716572 692.891965604
639 gmail 0.978297829783 1208.61749081
640 gmail 14.602360236 20226.2249209
641 gmail 0.0 0.0
642 gmail 16.5081508151 22134.3335419
643 gmail 2.19321932193 2463.08497853
644 netflix 0.0 0.0
645 gmail 0.0 0.0
646 netflix 3.40104010401 4802.87167009
647 gmail 0.51695169517 551.600847754
648 netflix 1.50705070507 1859.18544384
649 gmail 0.542854285429 627.113049998
650 netflix 11.2846284628 15982.7640711
651 netflix 2.17601760176 2993.17773868
652 gmail 2.93909390939 3867.99739056
653 netflix 2.15521552155 2974.46275683
654 gmail 0.0 0.0
655 netflix 2.15521552155 2974.46275683
656 netflix 3.24212421242 4466.45592732
657 gmail 0.0 0.0
658 gmail 2.01510151015 2244.82055402
659 gmail 0.0 0.0
660 netflix 2.15521552155 2974.46275683
661 gmail 0.0 0.0
662 gmail 250.112411241 283111.292094
663 gmail 0.0 0.0
664 gmail 0.0 0.0
665 gmail 436.276827683 417597.777952
666 netflix 0.0 0.0
667 netflix 112.304830483 144647.041792
668 gmail 17.3808380838 23025.8191588
669 gmail 88.4765476548 115101.45397
670 gmail 0.0 0.0
671 gmail 1.67136713671 1090.71368261
672 netflix 0.40704070407 228.714805914
673 netflix 0.271727172717 239.628034531
674 netflix 0.86698669867 976.751184349
675 gmail 12.3177317732 16712.9684535
676 gmail 0.946594659466 1008.90603876
677 netflix 25.1624162416 34743.9678204
678 gmail 0.00810081008101 0.218656249063
679 gmail 66.4670467047 85004.0762969
680 gmail 8.00260026003 10780.727066
681 gmail 5.62926292629 7377.54402217
682 gmail 61.3343334333 81641.3520676
683 gmail 271.97389739 300303.884807
684 gmail 285.919091909 311477.783133
685 gmail 17.2906290629 23979.8391271
686 gmail 209.072607261 245874.602789
687 netflix 3.88668866887 5064.42130395
688 gmail 289.668466847 313002.318029
689 gmail 175.666166617 211043.212288
690 gmail 277.804880488 305151.951227
691 gmail 0.606860686069 715.218878823
692 unknown 2.15521552155 2974.46275683
693 netflix 0.705070507051 918.100735367
694 netflix 0.451445144514 488.471864849
695 netflix 0.145414541454 130.902747
696 netflix 0.242724272427 261.522943114
697 netflix 0.485548554855 523.873153492
698 netflix 0.242724272427 261.522943114
699 gmail 10.7360736074 14958.0848583
700 netflix 0.10101010101 54.7540733872
701 netflix 5.79847984798 7373.67466115
702 netflix 1.36683668367 1685.96684099
703 netflix 1.20252025203 1466.64035368
704 netflix 0.773377337734 965.150162321
705 netflix 0.770877087709 961.716179558
706 netflix 0.77297729773 964.59232508
707 gmail 1.0695069507 1283.71764103
708 netflix 0.728072807281 932.383201317
709 gmail 14.6104610461 20226.2069953
710 netflix 0.942594259426 1208.08571348
711 netflix 0.0 0.0
712 netflix 0.914091409141 1105.10423088
713 gmail 0.739373937394 875.267807629
714 gmail 16.4429442944 22309.7530953
715 netflix 0.951895189519 1164.95828199
716 netflix 20.7193719372 28970.112667
717 netflix 20.7284728473 28937.3531157
718 netflix 2.96849684968 3846.87119477
719 gmail 0.543854385439 629.690221008
720 gmail 0.765776577658 670.976842559
721 gmail 0.627062706271 709.582789962
722 netflix 0.498549854985 653.770149913
723 gmail 1.46394639464 1608.08468374
724 gmail 0.620562056206 708.843325576
725 gmail 0.620562056206 708.843325576
726 gmail 0.622662266227 710.010531526
727 gmail 17.7938793879 23591.5627748
728 gmail 2.20452045205 2540.5133269
729 gmail 0.0 0.0
730 gmail 0.0 0.0
731 netflix 0.40704070407 228.714805914
732 netflix 0.40704070407 228.714805914
733 gmail 0.586758675868 562.341882873
734 gmail 14.2606260626 19135.5174326
735 gmail 7.32093209321 10035.6428772
736 gmail 7.12791279128 9841.87412736
737 gmail 7.12711271127 9839.95893987
738 gmail 7.19891989199 9891.74790963
739 gmail 8.82328232823 11660.5739314
740 gmail 7.12591259126 9840.25047265
741 gmail 0.620562056206 708.843325576
742 gmail 0.620562056206 708.843325576
743 gmail 0.620662066207 708.896906812
744 gmail 0.620762076208 708.950688048
745 gmail 0.620462046205 708.789944341
746 gmail 0.836783678368 939.381301226
747 gmail 0.620462046205 708.789944341
748 gmail 0.620462046205 708.789944341
749 gmail 0.542854285429 627.113049998
750 gmail 43.9441944194 56508.4577318
751 gmail 0.530653065307 572.574692953
752 netflix 0.290429042904 240.070266432
753 netflix 0.296229622962 251.680424828
754 unknown 5.53335333533 7023.36599927
755 netflix 0.242824282428 261.659408205
756 netflix 0.242824282428 261.567999064
757 netflix 0.242824282428 261.659408205
758 netflix 0.242824282428 261.567999064
759 netflix 0.40704070407 228.714805914
760 netflix 3.90099009901 5136.91188921
761 netflix 7.27462746275 9203.92077938
762 gmail 11.8623862386 16537.6176261
763 netflix 4.68686868687 5824.78933752
764 netflix 1.01890189019 1186.95723848
765 netflix 2.9100910091 3702.69488667
766 netflix 3.75687568757 4710.73947043
767 netflix 89.2084208421 115860.902055
768 netflix 5.53335333533 7023.36599927
769 netflix 0.261626162616 309.207279324
770 gmail 0.543854385439 629.690221008
771 gmail 0.549254925493 629.830132208
772 gmail 0.0 0.0
773 netflix 5.5595559556 7122.21945039
774 netflix 4.56675667567 5943.81450044
775 netflix 2.00460046005 2561.08908775
776 netflix 0.0 0.0
777 netflix 2.01470147015 2525.98348224
778 netflix 2.86748674867 3691.98294029
779 netflix 0.411841184118 232.205624363
780 gmail 0.198819881988 198.804355043
781 unknown 44.1306130613 58304.88063
782 netflix 0.0 0.0
783 netflix 0.0 0.0
784 netflix 0.28402840284 118.750210955
785 gmail 0.198819881988 158.690743682
786 netflix 0.271727172717 239.628034531
787 gmail 3.06480648065 3884.08200874
788 gmail 0.549254925493 629.830132208
789 gmail 0.025302530253 6.40089993598
790 gmail 1.14701470147 1235.33972281
791 gmail 1.15441544154 1212.13177143
792 netflix 0.791079107911 806.639720397
793 netflix 0.646564656466 692.343930343
794 netflix 0.641264126413 692.069828425
795 gmail 0.542754275428 626.856432898
796 netflix 0.656165616562 707.788968636
797 netflix 0.40704070407 228.714805914
798 netflix 120.301730173 155639.3232
799 netflix 18.4483448345 26111.8652935
800 netflix 31.9219921992 44745.6298784
801 netflix 6.51595159516 8812.6511857
802 netflix 12.9155915592 17353.6856445
803 netflix 64.3253325333 87707.2231916
804 netflix 15.9721972197 22132.5120783
805 netflix 39.7400740074 55484.6718124
806 netflix 0.641264126413 692.069828425
807 gmail 74.0216021602 96192.8986233
808 gmail 26.6197619762 36253.0593394
809 gmail 29.6624662466 39775.8813705
810 gmail 26.896489649 36583.2079075
811 gmail 27.7244724472 37429.9453867
812 netflix 0.0 0.0
813 netflix 0.886288628863 1143.97096811
814 netflix 2.15521552155 2974.46275683
815 netflix 2.15521552155 2974.46275683
816 netflix 2.300030003 3183.50894189
817 netflix 2.15521552155 2974.46275683
818 netflix 2.15521552155 2974.46275683
819 gmail 8.15911591159 10939.2161063
820 netflix 1.33073307331 1713.1172383
821 netflix 3.04610461046 3818.60503508
822 gmail 0.616461646165 671.78099114
823 gmail 0.606760676068 714.982676566
824 gmail 0.565456545655 641.819472816
825 netflix 1.05590559056 1298.62683756
826 gmail 0.606860686069 715.218878823
827 gmail 1.67136713671 1090.71368261
828 netflix 0.0641064106411 20.8232731064
829 netflix 0.116411641164 73.3163813231
830 gmail 1.69356935694 1091.4604557
831 gmail 297.866186619 321481.252621
832 gmail 0.0 0.0
833 gmail 14.7421742174 20422.6205946
834 gmail 16.6650665067 22276.0097318
835 netflix 0.406940694069 228.579373769
836 netflix 1.0095009501 1241.67697744
837 gmail 0.361936193619 339.357451037
838 gmail 7.12581258126 9840.23699648
839 gmail 0.0 0.0
840 gmail 7.12501250125 9838.32180562
841 gmail 0.0 0.0
842 gmail 0.606760676068 714.982676566
843 gmail 11.5344534453 15822.2180099
844 netflix 139.480548055 180739.993996
845 netflix 6.67136713671 8795.84379562
846 netflix 0.464246424642 500.847181527
847 netflix 0.853685368537 1003.26382055
848 netflix 0.145414541454 130.902747
849 netflix 0.145414541454 130.902747
850 gmail 0.606760676068 714.982676566
851 gmail 0.0 0.0
852 gmail 0.0 0.0
853 gmail 7.12771277128 9841.84737582
854 gmail 0.628062806281 715.246501208
855 gmail 26.9408940894 36623.242131
856 netflix 0.762676267627 952.790862165
857 netflix 0.0 0.0
858 unknown 0.0 0.0
859 netflix 0.853585358536 1003.21148604
860 netflix 17.6121612161 24971.8745836
861 netflix 0.0 0.0
862 netflix 0.0 0.0
863 netflix 0.0 0.0
864 netflix 0.409240924092 293.488887503
865 netflix 0.0 0.0
866 netflix 0.144514451445 62.5584735091
867 netflix 0.413441344134 298.542737622
868 netflix 17.4893489349 24845.724434
869 gmail 0.0 0.0
870 gmail 0.0 0.0
871 netflix 0.411841184118 232.205624363
872 netflix 0.0641064106411 20.8232731064
873 gmail 14.5837583758 20222.7870389
874 gmail 0.0 0.0
875 gmail 0.0 0.0
876 gmail 0.197819781978 196.670538301
877 gmail 0.662766276628 619.481832971
878 gmail 0.197819781978 196.670538301
879 gmail 971.271527153 433208.730253
880 netflix 34.4137413741 47101.1796531
881 gmail 0.535153515352 581.363875741
882 gmail 1.87068706871 2339.12829267
883 gmail 2.54485448545 3294.47781106
884 netflix 11.7526752675 16566.0015368
885 gmail 23.0887088709 27890.5196835
886 gmail 2.06080608061 2252.97040003
887 gmail 2.24432443244 2501.15712725
888 gmail 3.07650765077 3563.59800696
889 netflix 1.11341134113 1446.36957611
890 netflix 0.451445144514 488.471864849
891 netflix 3.05190519052 4191.37714384
892 gmail 0.951795179518 1020.38091462
893 gmail 0.623262326233 716.870069925
894 gmail 0.0 0.0
895 gmail 7.83708370837 10230.9282538
896 gmail 7.12771277128 9841.84737582
897 gmail 9.15811581158 11923.5190538
898 gmail 7.12691269127 9839.932188
899 gmail 7.12771277128 9841.84737582
900 netflix 129.235523552 169666.612895
901 netflix 132.735373537 173573.339514
902 gmail 0.54595459546 595.036167003
903 netflix 0.115211521152 72.3349611288
904 netflix 0.0 0.0
905 netflix 19.7182718272 27287.1974569
906 gmail 0.0 0.0
907 gmail 0.647564756476 679.064708291
908 gmail 202.97549755 240505.120812
909 gmail 13.1444144414 17799.0920558
910 netflix 3.7397739774 4662.01249044
911 gmail 0.536753675368 331.195143817
912 netflix 2.04450445045 2555.70088964
913 netflix 0.40704070407 228.714805914
914 netflix 0.932693269327 1156.41481174
915 netflix 1011.58545855 436003.555028
916 netflix 0.853585358536 1003.21148604
917 gmail 2.47914791479 2687.77831806
918 netflix 0.112911291129 70.9084431596
919 netflix 0.0 0.0
920 netflix 0.0 0.0
921 netflix 0.0 0.0
922 netflix 0.271727172717 239.628034531
923 netflix 0.0 0.0
924 netflix 0.0 0.0
925 netflix 0.0 0.0
926 netflix 0.271727172717 239.628034531
927 netflix 0.0 0.0
928 netflix 0.0 0.0
929 netflix 0.0 0.0
930 gmail 0.442444244424 566.209683635
931 unknown 0.0640064006401 20.7517787682
932 gmail 17.1236123612 22872.9498165
933 gmail 1.14441444144 1263.98374493
934 netflix 20.7514751475 29019.1412557
935 netflix 21.4053405341 29783.1485304
936 gmail 1.14141414141 1267.67077112
937 gmail 1.18401840184 1188.63960457
938 gmail 1.13301330133 1255.25003423
939 netflix 0.145414541454 130.902747
940 netflix 0.0 0.0
941 gmail 2.81798179818 3814.53332602
942 gmail 2.81798179818 3814.53332602
943 gmail 0.580458045805 562.699572107
944 gmail 0.580458045805 562.699572107
945 gmail 0.2300230023 103.933288038
946 gmail 0.535153515352 581.363875741
947 gmail 3.53475347535 4223.46891421
948 gmail 24.7100710071 29666.1100606
949 gmail 4.25262526253 5518.32401926
950 gmail 0.529752975298 581.223812231
951 gmail 2.63746374637 3111.72425303
952 gmail 0.535153515352 581.363875741
953 gmail 0.152315231523 129.330635454
954 netflix 1.63776377638 2117.80297834
955 netflix 197.242824282 245226.134056
956 netflix 84.4184418442 108436.176342
957 netflix 126.04670467 158607.972716
958 netflix 44.1306130613 58304.88063
959 netflix 37.6875687569 51026.4574422
960 netflix 48.6295629563 67148.4346335
961 netflix 71.2774277428 93309.0583474
962 netflix 31.3100310031 42062.69576
963 netflix 4.85608560856 6817.97438816
964 netflix 20.6565656566 28900.5107157
965 gmail 0.62296229623 715.651621948
966 gmail 17.102110211 22704.4257171
967 gmail 8.04050405041 10771.7152311
968 gmail 339.695069507 350621.300657
969 gmail 14.6890689069 18103.9054221
970 gmail 1.67136713671 1090.71368261
971 gmail 0.018501850185 0.684226138385
972 netflix 1.17931793179 1434.09235753
973 gmail 15.9560956096 21663.0062732
974 gmail 0.606860686069 715.218878823
975 netflix 0.853685368537 1003.26382055
976 gmail 1.8496849685 2052.47655531
977 gmail 0.490649064906 512.809768546
978 netflix 2.15521552155 2974.46275683
979 netflix 4.35443544354 6052.87307538
980 netflix 4.3196319632 5947.76342197
981 netflix 2.15521552155 2974.46275683
982 netflix 3.24202420242 4466.35806595
983 netflix 153.916191619 193291.746751
984 netflix 2.15761576158 2976.40139989
985 netflix 20.7076707671 28939.708423
986 gmail 0.606860686069 715.218878823
987 netflix 0.242824282428 261.567999064
988 netflix 0.242424242424 261.29716608
989 netflix 0.242824282428 261.567999064
990 gmail 0.0 0.0
991 netflix 0.242524252425 261.433431212
992 netflix 0.242624262426 262.374176771
993 netflix 23.8149814981 32095.9501666
994 netflix 0.243524352435 262.807082528
995 netflix 0.24302430243 262.657810876
996 gmail 0.013501350135 0.36435416719
997 gmail 0.786078607861 860.729215135
998 gmail 2.31663166317 2725.87294171
999 gmail 0.62596259626 716.939603972
1000 gmail 11.9522952295 16529.4205665
1001 gmail 13.403640364 17979.7300638
1002 gmail 0.864586458646 976.614126419
1003 gmail 0.0 0.0
1004 netflix 0.145414541454 130.902747
1005 netflix 0.0653065306531 21.6968051641
1006 netflix 0.0640064006401 20.7517787682
1007 netflix 0.145414541454 130.902747
1008 netflix 0.12801280128 41.4953638978
1009 netflix 5.05260526053 6782.81331429
1010 netflix 0.451545154515 488.52207957
1011 netflix 0.271727172717 239.628034531
1012 netflix 0.0 0.0
1013 netflix 0.0 0.0
1014 netflix 0.271727172717 253.55342707
1015 netflix 0.271727172717 239.628034531
1016 netflix 0.0 0.0
1017 gmail 13.0941094109 17761.2207664
1018 netflix 0.0 0.0
1019 gmail 63.4711471147 84030.2977723
1020 netflix 0.0698069806981 24.3739648692
1021 gmail 28.2725272527 38051.9358299
1022 netflix 252.249624962 299824.883982
1023 netflix 2.92489248925 4048.60612004
1024 gmail 0.62596259626 716.939603972
1025 netflix 2.16431643164 2982.53235605
1026 gmail 3.29072907291 3844.71085615
1027 gmail 0.0 0.0
1028 netflix 524.357935794 460305.291924
1029 netflix 2.15521552155 2974.46275683
1030 netflix 7.30263026303 10056.0834324
1031 netflix 2.15521552155 2974.46275683
1032 netflix 3.23712371237 4461.80785876
1033 netflix 3.23622362236 4461.02430641
1034 netflix 2.15521552155 2974.46275683
1035 gmail 15.8104810481 21786.7942656
1036 gmail 16.5885588559 22227.5700901
1037 gmail 16.2729272927 21847.8898071
1038 gmail 39.7283728373 52512.8627124
1039 gmail 32.8266826683 43761.2295871
1040 gmail 0.0 0.0
1041 gmail 0.918691869187 1159.56844649
1042 gmail 0.0 0.0
1043 gmail 0.0 0.0
1044 netflix 2.12791279128 2312.58699865
1045 netflix 0.859485948595 1009.92455023
1046 netflix 0.0 0.0
1047 netflix 0.0997099709971 53.1018691028
1048 gmail 0.0 0.0
1049 gmail 16.4376437644 20973.0945965
1050 netflix 0.0 0.0
1051 gmail 8.13281328133 10852.9020526
1052 gmail 0.783778377838 961.210573942
1053 gmail 22.5075507551 28179.1966377
1054 gmail 0.109110911091 71.1737133709
1055 gmail 0.197819781978 196.670538301
1056 netflix 3.86858685869 5191.9479271
1057 netflix 0.951895189519 1164.95828199
1058 netflix 1.43554355436 1766.90751153
1059 netflix 0.451345134513 488.421850126
1060 unknown 10.9617961796 15585.9787385
1061 netflix 0.0 0.0
1062 netflix 0.335133513351 394.126409401
1063 gmail 0.591559155916 568.396432403
1064 gmail 0.711371137114 805.611862896
1065 netflix 15.1512151215 21112.3121675
1066 netflix 11.5629562956 16237.0571176
1067 netflix 0.115211521152 72.3349611288
1068 netflix 0.115211521152 72.3349611288
1069 netflix 0.788378837884 793.966817644
1070 netflix 0.646564656466 692.343930343
1071 netflix 0.7899789979 796.514947085
1072 netflix 0.788378837884 793.966817644
1073 gmail 0.542854285429 627.113049998
1074 gmail 0.542854285429 627.113049998
1075 gmail 0.586058605861 561.472516908
1076 netflix 1.2503250325 1430.01964561
1077 gmail 0.010601060106 0.612948923655
1078 netflix 1.2103210321 1359.69503899
1079 gmail 0.002700270027 0.0728999992709
1080 gmail 1.13591359136 1227.84681402
1081 gmail 1.13761376138 1203.63142749
1082 gmail 1.12801280128 1253.07732209
1083 gmail 0.515651565157 513.653095362
1084 netflix 0.010601060106 0.612948923655
1085 gmail 0.543254325433 628.141518402
1086 gmail 0.620562056206 708.843325576
1087 gmail 0.620562056206 708.843325576
1088 netflix 0.575657565757 638.651516657
1089 gmail 0.625262526253 706.635749444
1090 gmail 0.620362036204 708.736763105
1091 gmail 48.5628562856 65862.4548699
1092 gmail 12.0582058206 16489.7177842
1093 netflix 0.0697069706971 24.3024716713
1094 netflix 25.9942994299 34685.4136089
1095 gmail 10.7255725573 14955.9474919
1096 netflix 17.6121612161 24971.8745836
1097 gmail 0.0 0.0
1098 gmail 22.00230023 28266.8007748
1099 netflix 33.6145614561 47120.0438563
1100 netflix 0.165616561656 176.179791876
1101 gmail 1.26532653265 1506.68857773
1102 netflix 25.6500650065 36073.0439621
1103 gmail 1.13231323132 1427.53194815
1104 netflix 31.0010001 39905.1617152
1105 netflix 0.0697069706971 24.3024716713
1106 gmail 0.197819781978 196.670538301
1107 netflix 0.145314531453 130.686454444
1108 gmail 1.13841384138 1200.62610614
1109 gmail 1.14071407141 1202.53675521
1110 gmail 1.43604360436 1545.32981797
1111 netflix 0.145414541454 130.902747
1112 gmail 0.594159415942 564.991008992
1113 gmail 300.807280728 323376.897653
1114 gmail 321.844684468 339921.79976
1115 gmail 315.499349935 334556.347609
1116 gmail 281.176217622 305855.635114
1117 netflix 0.0 0.0
1118 netflix 0.0 0.0
1119 netflix 36.0388038804 49155.9916936
1120 netflix 43.7381738174 59222.9281467
1121 gmail 8.52475247525 11608.4042028
1122 gmail 26.00280028 34782.8802802
1123 unknown 0.40704070407 228.714805914
1124 netflix 0.0 0.0
1125 gmail 0.952195219522 1009.25604053
1126 gmail 13.0560056006 17687.4058043
1127 netflix 41.6410641064 57927.2195998
1128 netflix 12.495349535 17340.2073741
1129 netflix 144.716671667 187487.86942
1130 netflix 142.395139514 183964.420822
1131 netflix 0.115211521152 72.3349611288
1132 gmail 8.10771077108 10835.3176313
1133 netflix 0.40704070407 228.714805914
1134 gmail 0.955095509551 1015.72565635
1135 gmail 0.91499149915 1081.48272255
1136 gmail 0.542854285429 627.113049998
1137 gmail 14.598359836 20224.4927506
1138 gmail 0.622862286229 715.655246893
1139 gmail 1.14191419142 1264.23098547
1140 gmail 12.0313031303 16556.2347437
1141 gmail 0.0 0.0
1142 gmail 0.0 0.0
1143 gmail 0.622362236224 719.467550735
1144 gmail 0.0 0.0
1145 gmail 0.0 0.0
1146 gmail 0.0 0.0
1147 netflix 0.145214521452 130.470361888
1148 gmail 0.0 0.0
1149 gmail 0.545854585459 356.102682836
1150 gmail 0.683468346835 612.597777509
1151 gmail 0.613261326133 717.731121267
1152 gmail 0.770577057706 667.157286106
1153 gmail 0.620662066207 713.112528374
1154 netflix 0.657165716572 692.891965604
1155 gmail 0.200020002 201.391335133
1156 netflix 1.93479347935 2577.21026956
1157 netflix 0.657165716572 692.891965604
1158 gmail 1.04470447045 1043.81168288
1159 netflix 4.98859885989 6902.19008904
1160 netflix 183.067706771 223353.122028
1161 netflix 2.98609860986 4169.76048282
1162 netflix 0.673167316732 886.407631842
1163 netflix 0.0 0.0
1164 netflix 0.657165716572 692.891965604
1165 netflix 0.0 0.0
1166 netflix 0.271727172717 239.628034531
1167 netflix 92.1168116812 120564.915048
1168 netflix 0.0 0.0
1169 netflix 0.271727172717 239.628034531
1170 netflix 129.479147915 169877.040244
1171 netflix 2.65846584658 3421.53181927
1172 netflix 14.5363536354 20239.9768512
1173 gmail 0.197819781978 196.670538301
1174 netflix 218.448744874 266905.603109
1175 gmail 0.622662266227 715.107441217
1176 gmail 0.0 0.0
1177 gmail 15.8104810481 21786.7942656
1178 gmail 0.622862286229 717.963477716
1179 netflix 0.24302430243 262.657810876
1180 netflix 0.116411641164 73.3163813231
1181 netflix 0.894289428943 1069.45187158
1182 gmail 28.6943694369 38175.9101903
1183 gmail 30.0202020202 40255.9729892
1184 gmail 27.3916391639 37162.8183159
1185 netflix 0.146614661466 133.513857676
1186 gmail 14.5837583758 20222.7870389
1187 gmail 0.0 0.0
1188 gmail 14.7147714771 20390.5757104
1189 gmail 256.401340134 287188.806323
1190 netflix 0.115211521152 72.3349611288
1191 netflix 0.115211521152 72.3349611288
1192 gmail 252.352835284 284770.489169
1193 netflix 0.0 0.0
1194 netflix 33.7603760376 47284.3202181
1195 netflix 14.8813881388 19782.4681795
1196 netflix 0.469746974697 583.713031149
1197 unknown 6.43474347435 9046.63858086
1198 netflix 0.0 0.0
1199 netflix 11.2820282028 15988.4271108
1200 gmail 51.5660566057 70012.7132832
1201 netflix 6.4400440044 9046.85126577
1202 netflix 1.36283628363 1634.00296329
1203 netflix 0.921492149215 1105.36447358
1204 netflix 0.40704070407 228.714805914
1205 netflix 0.951895189519 1164.95828199
1206 netflix 0.50795079508 667.414453237
1207 netflix 5.27232723272 7032.60540584
1208 netflix 11.2193219322 15841.2339261
1209 netflix 20.6528652865 28895.124122
1210 netflix 20.7535753575 29069.2660076
1211 netflix 0.875287528753 974.194967852
1212 netflix 0.597159715972 670.567992733
1213 netflix 0.920692069207 1028.16442732
1214 netflix 0.0 0.0
1215 netflix 0.312731273127 351.525861517
1216 netflix 0.501150115012 655.668940572
1217 netflix 62.0603060306 83153.06357
1218 gmail 0.0 0.0
1219 netflix 2.30753075308 3159.92912721
1220 gmail 17.9119911991 23688.1100662
1221 gmail 11.5477547755 13615.3080255
1222 netflix 0.618061806181 691.742012005
1223 gmail 0.542854285429 627.113049998
1224 gmail 0.606760676068 714.982676566
1225 netflix 0.853685368537 1003.26382055
1226 netflix 11.5508550855 16221.6141504
1227 netflix 0.853585358536 1003.21148604
1228 netflix 0.115211521152 72.3349611288
1229 netflix 0.115211521152 72.3349611288
1230 netflix 0.115111511151 72.185269192
1231 unknown 2.33413341334 2835.76144217
1232 netflix 20.6692669267 28878.6919958
1233 gmail 0.0 0.0
1234 netflix 10.8622862286 15336.8566225
1235 gmail 0.542854285429 627.113049998
1236 gmail 12.3382338234 16112.2532346
1237 netflix 15.5937593759 21657.6321483
1238 netflix 0.115211521152 72.3349611288
1239 netflix 1.61926192619 2287.05545856
1240 netflix 0.115211521152 72.3349611288
1241 gmail 100.805280528 127269.835172
1242 netflix 124.00280028 158876.847477
1243 netflix 0.898189818982 1004.00163589
1244 netflix 0.910291029103 1032.69972308
1245 netflix 1.17461746175 1424.86859865
1246 netflix 2.15521552155 2974.46275683
1247 netflix 0.0 0.0
1248 netflix 1.07880788079 1489.36452639
1249 netflix 3.24212421242 4466.45592732
1250 netflix 0.311231123112 349.239068781
1251 netflix 0.597459745975 721.121389687
1252 netflix 0.243124312431 261.795175997
1253 gmail 15.8104810481 21786.7942656
1254 gmail 85.0206020602 111978.170393
1255 gmail 3.47864786479 4409.78349748
1256 netflix 0.242924292429 261.704464136
1257 netflix 0.242924292429 261.704464136
1258 netflix 0.242824282428 261.659408205
1259 netflix 20.7525752575 29012.6318503
1260 netflix 0.242724272427 261.522943114
1261 netflix 0.242824282428 261.567999064
1262 netflix 0.145414541454 130.902747
1263 netflix 0.770877087709 961.716179558
1264 netflix 0.265926592659 301.378327952
1265 netflix 0.291629162916 323.493910327
1266 netflix 1.99539953995 2438.95987483
1267 netflix 24.8602860286 34077.8469666
1268 netflix 28.803380338 38205.6149061
1269 netflix 7.2600260026 9653.75816906
1270 netflix 0.600060006001 809.280092006
1271 gmail 16.2817281728 22105.6951067
1272 netflix 0.0 0.0
1273 netflix 0.849284928493 942.348622102
1274 netflix 11.500950095 16074.4058147
1275 netflix 0.0 0.0
1276 gmail 267.295629563 295733.965608
1277 netflix 0.85698569857 1006.26957591
1278 netflix 0.86698669867 976.751184349
1279 netflix 3.79157915792 4782.25819092
1280 netflix 2.85568556856 3674.15929136
1281 netflix 4.68056805681 5922.47782122
1282 netflix 12.8346834683 17723.6777409
1283 netflix 0.464946494649 576.343980773
1284 netflix 2.92369236924 3663.95707343
1285 gmail 0.197819781978 196.670538301
1286 netflix 0.585558555856 652.92474794
1287 gmail 0.166316631663 129.276969241
1288 netflix 0.0 0.0
1289 netflix 0.145314531453 130.686454444
1290 netflix 1.15501550155 1422.12378498
1291 gmail 1.32193219322 1737.99766979
1292 netflix 46.8415841584 64851.5822652
1293 netflix 0.40704070407 228.714805914
1294 gmail 3.56645664566 4257.22928189
1295 netflix 0.305130513051 340.403044985
1296 gmail 0.641364136414 706.791272307
1297 gmail 0.0 0.0
1298 netflix 5.10451045105 6589.56333499
1299 netflix 127.918791879 162473.115518
1300 unknown 0.0 0.0
1301 netflix 156.250125013 200811.714315
1302 gmail 0.198819881988 198.804355043
1303 gmail 0.0 0.0
1304 gmail 0.198819881988 198.804355043
1305 gmail 0.107910791079 69.2993863643
1306 gmail 0.952195219522 631.466461578
1307 netflix 0.145214521452 130.470361888
1308 netflix 0.145214521452 130.470361888
1309 netflix 0.293229322932 242.826907853
1310 netflix 0.451545154515 488.52207957
1311 gmail 0.200020002 201.391335133
1312 netflix 25.6498649865 36072.8342012
1313 gmail 0.542854285429 627.113049998
1314 netflix 0.40704070407 228.714805914
1315 netflix 0.0641064106411 20.8232731064
1316 gmail 0.152315231523 129.330635454
1317 netflix 0.0640064006401 20.7517787682
1318 netflix 0.0639063906391 20.6804844301
1319 gmail 0.53895389539 562.443102056
1320 netflix 20.6507650765 28948.4102882
1321 netflix 20.6565656566 28904.0096656
1322 netflix 0.249424942494 275.235917011
1323 netflix 1.47774777478 1939.27480737
1324 netflix 0.0 0.0
1325 netflix 0.116411641164 73.3163813231
1326 gmail 0.586658665867 562.219487975
1327 netflix 0.0 0.0
1328 gmail 1.14191419142 1264.23098547
1329 gmail 1.14681468147 1209.90883849
1330 gmail 1.1497149715 1238.84317199
1331 gmail 1.14681468147 1209.90883849
1332 gmail 309.722272227 327822.204395
1333 gmail 333.614361436 348329.647462
1334 gmail 7.18741874187 9383.52883062
1335 gmail 1.14441444144 1238.86683324
1336 gmail 0.0 0.0
1337 unknown 0.451345134513 488.421850126
1338 netflix 0.145414541454 130.902747
1339 gmail 0.0 0.0
1340 netflix 0.867686768677 1051.21351631
1341 gmail 7.1901190119 9383.56291467
1342 netflix 16.3301330133 23153.9525183
1343 netflix 0.859385938594 1009.87221689
1344 netflix 37.8401840184 53090.0892703
1345 gmail 0.609060906091 720.465928501
1346 netflix 4.05720572057 5279.46087392
1347 gmail 119.553155316 152892.607411
1348 netflix 1.13531353135 1424.35542762
1349 netflix 1.16621662166 1436.18879368
1350 netflix 188.147514751 235295.893531
1351 gmail 17.1918191819 22845.0671158
1352 netflix 1.51375137514 1690.96728265
1353 netflix 0.657165716572 692.891965604
1354 gmail 0.400040004 362.589042902
1355 netflix 0.853585358536 1003.21148604
1356 netflix 1.52085208521 1701.52329256
1357 netflix 0.948094809481 1037.21872799
1358 netflix 0.629662966297 843.019266123
1359 netflix 1.8798879888 2333.88326287
1360 netflix 0.0 0.0
1361 netflix 0.0 0.0
1362 netflix 0.0993099309931 55.8866271866
1363 netflix 1.49194919492 1948.77878807
1364 gmail 7.12511251125 9838.33528196
1365 gmail 7.67586758676 10121.4885975
1366 gmail 33.0626062606 43961.6700479
1367 gmail 7.20882088209 9873.85998419
1368 gmail 7.31263126313 9930.90276175
1369 gmail 7.67856785679 10121.5200437
1370 gmail 20.4668466847 28329.4726232
1371 netflix 29.9439943994 41151.9552592
1372 gmail 0.542854285429 627.113049998
1373 gmail 0.0 0.0
1374 gmail 237.457745775 272706.814671
1375 netflix 16.5419541954 23411.2613411
1376 gmail 0.0 0.0
1377 netflix 33.2105210521 46717.2807134
1378 netflix 31.1941194119 43924.7618976
1379 netflix 0.657165716572 692.891965604
1380 gmail 3.25472547255 4260.81810323
1381 unknown 0.0 0.0
1382 netflix 1.47234723472 1939.14492489
1383 netflix 1.82298229823 2379.63863173
1384 netflix 1.47774777478 1939.27480737
1385 netflix 1.47234723472 1939.14492489
1386 netflix 1.47234723472 1939.14492489
1387 netflix 1.4696469647 1939.07996178
1388 netflix 1.47234723472 1939.14492489
1389 netflix 1.47234723472 1939.14492489
1390 gmail 0.924192419242 1027.61821561
1391 unknown 0.145414541454 130.902747
1392 netflix 40.2475247525 56414.0358412
1393 gmail 0.018901890189 0.509993753651
1394 netflix 1.81808180818 2029.03911299
1395 gmail 0.528752875288 580.122760631
1396 gmail 69.599059906 92118.9056536
1397 gmail 14.8866886689 17877.4386057
1398 gmail 1.22442244224 1348.81232084
1399 netflix 10.3479347935 14407.2099745
1400 gmail 8.300230023 11115.0885798
1401 gmail 0.0 0.0
1402 netflix 2.15521552155 2974.46275683
1403 netflix 2.15521552155 2974.46275683
1404 gmail 0.00810081008101 0.218656249063
1405 netflix 0.0 0.0
1406 netflix 2.15521552155 2974.46275683
1407 netflix 2.15521552155 2974.46275683
1408 netflix 17.6121612161 24971.8745836
1409 gmail 0.0 0.0
1410 netflix 0.242724272427 261.522943114
1411 netflix 0.242924292429 261.704464136
1412 netflix 0.910391039104 1104.97406844
1413 netflix 19.8158815882 26339.3595397
1414 netflix 0.242924292429 261.704464136
1415 netflix 1.10461046105 1426.9495527
1416 gmail 0.198819881988 198.804355043
1417 netflix 3.78097809781 4423.78021222
1418 netflix 0.451545154515 488.52207957
1419 netflix 0.296229622962 251.680424828
1420 netflix 0.40704070407 228.714805914
1421 gmail 0.606760676068 714.982676566
1422 gmail 21.9881988199 28672.5265134
1423 gmail 12.0578057806 16385.9708559
1424 netflix 37.9750975098 50189.8014601
1425 unknown 1.17801780178 1485.4666595
1426 netflix 0.0 0.0
1427 netflix 0.451445144514 488.471864849
1428 netflix 0.452345234523 489.255829834
1429 netflix 0.40704070407 228.714805914
1430 netflix 0.451445144514 488.471864849
1431 netflix 0.0709070907091 25.1735900463
1432 netflix 0.0698069806981 24.3739648692
1433 gmail 0.589658965897 565.990336107
1434 netflix 3.79807980798 4868.34196651
1435 gmail 0.628862886289 572.222193236
1436 gmail 0.613261326133 717.731121267
1437 gmail 16.5198519852 22406.6062416
1438 gmail 0.606760676068 714.982676566
1439 netflix 0.406940694069 228.579373769
1440 gmail 0.586858685869 562.472078531
1441 netflix 0.849684968497 943.369644615
1442 netflix 0.0 0.0
1443 netflix 0.0 0.0
1444 netflix 0.145414541454 130.902747
1445 gmail 17.8206820682 22688.9806464
1446 netflix 0.0641064106411 20.8232731064
1447 gmail 17.9359935994 23799.5462582
1448 netflix 0.773377337734 965.150162321
1449 gmail 17.2305230523 22921.205285
1450 gmail 17.0641064106 22681.0562964
1451 netflix 133.549654965 174646.635973
1452 gmail 9.39923992399 12541.7421976
1453 gmail 16.2634263426 21825.8385974
1454 netflix 15.1381138114 20970.4864751
1455 gmail 0.240824082408 262.78748831
1456 netflix 6.07630763076 8659.66184391
1457 netflix 0.853585358536 1003.21148604
1458 netflix 0.853285328533 1003.05568253
1459 netflix 0.828782878288 982.327320361
1460 gmail 1.4304430443 1611.3628736
1461 gmail 247.519151915 281028.973905
1462 gmail 260.709970997 293867.671859
1463 gmail 1.14061406141 1202.57928759
1464 gmail 13.2262226223 17102.1084393
1465 gmail 8.04690469047 10806.7587761
1466 gmail 0.0 0.0
1467 gmail 1.14691469147 1209.98531676
1468 gmail 1.15231523152 1210.11871426
1469 gmail 0.606760676068 714.982676566
1470 gmail 0.0 0.0
1471 netflix 0.0 0.0
1472 gmail 5.17111711171 6038.97651952
1473 netflix 0.77297729773 964.59232508
1474 netflix 0.145414541454 130.902747
1475 gmail 0.542854285429 627.113049998
1476 netflix 0.242624262426 261.478087162
1477 netflix 0.0 0.0
1478 netflix 0.0 0.0
1479 netflix 0.559455945595 623.067147059
1480 netflix 0.279527952795 311.435915529
1481 netflix 0.40704070407 228.714805914
1482 gmail 0.197819781978 196.670538301
1483 gmail 0.197819781978 196.670538301
1484 netflix 0.115111511151 72.185269192
1485 gmail 0.197819781978 196.670538301
1486 unknown 17.6121612161 24971.8745836
1487 gmail 0.0 0.0
1488 netflix 14.5659565957 20221.4323684
1489 gmail 2.72917291729 3087.59581961
1490 netflix 19.6875687569 26665.3905355
1491 gmail 3.29162916292 3808.47100803
1492 netflix 20.4296429643 27112.9421196
1493 netflix 26.5345534553 36842.7990611
1494 netflix 14.4089408941 19933.749259
1495 gmail 0.543854385439 629.690221008
1496 gmail 0.549254925493 629.830132208
1497 gmail 0.543854385439 629.690221008
1498 gmail 0.543854385439 629.690221008
1499 netflix 5.76527652765 7847.95920632
1500 netflix 0.451345134513 488.421850126
1501 netflix 3.90329032903 5209.18306648
1502 netflix 0.452245224522 489.205615271
1503 netflix 0.0 0.0
1504 netflix 316.02390239 355794.728002
1505 netflix 377.579257926 385470.140308
1506 netflix 0.0641064106411 20.8232731064
1507 netflix 0.145414541454 130.902747
1508 unknown 1.17061706171 1635.55824855
1509 gmail 2.70607060706 3075.36925108
1510 gmail 0.0 0.0
1511 netflix 0.115111511151 72.185269192
1512 netflix 0.115211521152 72.3349611288
1513 gmail 0.0 0.0
1514 netflix 20.6634663466 28903.4203985
1515 netflix 0.0698069806981 24.3739648692
1516 netflix 0.451345134513 488.421850126
1517 netflix 0.0 0.0
1518 netflix 0.853585358536 1003.21148604
1519 netflix 0.0 0.0
1520 netflix 596.287228723 505547.401248
1521 netflix 0.853385338534 1003.10741703
1522 netflix 2.15521552155 2974.46275683
1523 netflix 2.15521552155 2974.46275683
1524 netflix 2.15521552155 2974.46275683
1525 netflix 2.15521552155 2974.46275683
1526 netflix 4.31883188319 5946.63662006
1527 netflix 0.771077107711 961.98629818
1528 netflix 0.451345134513 488.421850126
1529 netflix 0.773377337734 965.150162321
1530 gmail 0.197819781978 196.670538301
1531 netflix 0.290429042904 240.070266432
1532 netflix 0.0 0.0
1533 netflix 77.8215821582 105469.405311
1534 gmail 0.198819881988 198.804355043
1535 netflix 0.451445144514 488.471864849
1536 netflix 0.451845184518 488.921148461
1537 unknown 0.657165716572 692.891965604
1538 netflix 1.17061706171 1635.55824855
1539 netflix 11.99609961 16989.8006649
1540 netflix 20.6666666667 28852.9606961
1541 netflix 10.8898889889 15507.2665034
1542 netflix 0.0 0.0
1543 netflix 0.0697069706971 24.3024716713
1544 netflix 0.0697069706971 24.3024716713
1545 netflix 0.145414541454 130.902747
1546 netflix 1.15661566157 1423.97947194
1547 netflix 1.18541854185 1439.49917332
1548 netflix 0.451445144514 488.471864849
1549 netflix 2.87808780878 3658.66290519
1550 netflix 2.02370237024 2487.18185644
1551 netflix 20.6708670867 28827.6179441
1552 netflix 0.271727172717 239.628034531
1553 gmail 1.5495549555 1502.93741329
1554 gmail 0.606760676068 714.982676566
1555 netflix 48.0265026503 65992.753273
1556 netflix 0.914091409141 1105.10423088
1557 netflix 0.145414541454 130.902747
1558 gmail 0.683568356836 612.723953423
1559 gmail 0.586858685869 562.468078131
1560 netflix 55.0870087009 75533.7490051
1561 netflix 130.659765977 171368.417494
1562 netflix 5.09470947095 6868.92302332
1563 gmail 0.62296229623 715.651621948
1564 gmail 0.753775377538 862.625642062
1565 netflix 1.41184118412 1754.07421122
1566 netflix 48.2787278728 67317.0163201
1567 gmail 1.55545554555 1976.81998199
1568 netflix 0.63696369637 855.66918474
1569 netflix 3.87868786879 5106.59804464
1570 netflix 0.77297729773 964.59232508
1571 netflix 0.853485348535 1003.15935154
1572 netflix 0.0 0.0
1573 gmail 1.13351335134 1253.36361233
1574 gmail 1.13551355136 1229.88592651
1575 gmail 1.43334333433 1542.60639297
1576 gmail 1.13301330133 1200.49255849
1577 gmail 265.534953495 295418.56981
1578 gmail 1.13601360136 1227.9995021
1579 netflix 0.568356835684 631.717674578
1580 gmail 249.493549355 283864.382172
1581 netflix 1.14191419142 1277.44570695
1582 gmail 0.743074307431 742.509146705
1583 netflix 0.0 0.0
1584 netflix 0.592559255926 663.249533594
1585 netflix 16.2379237924 21711.7170696
1586 gmail 198.828082808 235689.72712
1587 gmail 235.554755476 269620.591036
1588 gmail 29.9678967897 40786.0918787
1589 gmail 0.0 0.0
1590 gmail 0.946894689469 1009.22800291
1591 netflix 0.40704070407 228.714805914
1592 netflix 2.33663366337 2895.20340945
1593 netflix 6.03400340034 8113.92803669
1594 netflix 50.702270227 70585.9666625
1595 netflix 0.657165716572 692.891965604
1596 netflix 0.406940694069 228.564172249
1597 netflix 0.850185018502 943.810338749
1598 netflix 1.02390239024 1262.52978171
1599 netflix 2.33063306331 2996.45653836
1600 netflix 0.657165716572 692.891965604
1601 netflix 17.6121612161 24971.8745836
1602 netflix 1.00050005001 1308.38233798
1603 netflix 0.0 0.0
1604 netflix 20.6671667167 28903.6667998
1605 gmail 0.586658665867 562.219487975
1606 gmail 1.13571357136 1227.54203787
1607 gmail 1.13361336134 1253.51650091
1608 gmail 1.13631363136 1228.45876633
1609 netflix 0.641264126413 692.069828425
1610 gmail 0.197819781978 196.670538301
1611 netflix 2.300030003 3183.50894189
1612 netflix 27.8278827883 38106.2479034
1613 gmail 16.8076807681 22347.3790549
1614 netflix 44.9727972797 60401.5136114
1615 netflix 30.4566456646 41403.8578814
1616 netflix 30.902790279 39239.627914
1617 netflix 33.4533453345 44279.3115297
1618 netflix 21.4419441944 29091.8125861
1619 netflix 21.1296129613 28975.3467368
1620 netflix 0.657165716572 692.891965604
1621 netflix 15.0238023802 20716.4192754
1622 netflix 20.198719872 26926.3348478
1623 netflix 0.293429342934 243.026810512
1624 netflix 0.451445144514 488.471864849
1625 netflix 0.451345134513 488.421850126
1626 gmail 0.586858685869 562.472078531
1627 netflix 31.0901090109 41577.567938
1628 netflix 130.796979698 171502.749862
1629 netflix 3.45604560456 4075.68781199
1630 netflix 2.47854785479 3010.62957781
1631 netflix 0.0703070307031 24.7140288186
1632 unknown 0.108310831083 64.6596359006
1633 netflix 0.145414541454 130.902747
1634 gmail 0.0 0.0
1635 gmail 0.0 0.0
1636 gmail 0.198819881988 198.804355043
1637 netflix 20.6502650265 28873.7563733
1638 netflix 20.6470647065 28886.3797871
1639 netflix 1.05910591059 1304.20782762
1640 netflix 0.0698069806981 24.3739648692
1641 netflix 0.0 0.0
1642 netflix 0.0 0.0
1643 gmail 0.606760676068 714.982676566
1644 gmail 0.606860686069 715.218878823
1645 gmail 2.05360536054 1899.6734941
1646 netflix 1.96199619962 2533.65272113
1647 gmail 0.179717971797 168.106215302
1648 netflix 1.69356935694 1091.4604557
1649 gmail 0.542854285429 627.113049998
1650 gmail 0.197819781978 196.670538301
1651 netflix 8.00800080008 10293.4270787
1652 netflix 1.17801780178 1485.4666595
1653 netflix 0.406940694069 228.579373769
1654 gmail 0.197819781978 196.670538301
1655 gmail 15.6944694469 21341.9903595
1656 netflix 2.94429442944 3738.94129133
1657 netflix 5.50425042504 7118.66642358
1658 gmail 0.0 0.0
1659 netflix 1.20212021202 1466.32368387
1660 netflix 2.43654365437 2992.63741244
1661 netflix 0.0698069806981 24.3739648692
1662 netflix 0.0698069806981 24.3739648692
1663 netflix 823.506050605 510677.064445
1664 netflix 5.54205420542 7102.48105472
1665 netflix 8.18501850185 10406.3628079
1666 netflix 1.19281928193 1466.39326377
1667 netflix 2.05480548055 2644.13981064
1668 netflix 20.6448644864 28861.0730987
1669 netflix 1.48714871487 1889.47155702
1670 netflix 0.913491349135 1093.2659436
1671 netflix 0.910391039104 1104.97406844
1672 gmail 0.0 0.0
1673 gmail 0.0 0.0
1674 gmail 0.0 0.0
1675 netflix 2.82528252825 3434.75585244
1676 netflix 12.4611461146 17265.904856
1677 netflix 20.6671667167 28894.1386469
1678 netflix 22.1056105611 30811.9310406
1679 netflix 0.115211521152 72.3349611288
1680 netflix 1.32913291329 1712.4934317
1681 netflix 0.115211521152 72.3349611288
1682 netflix 0.115211521152 72.3349611288
1683 netflix 0.115211521152 72.3349611288
1684 netflix 0.115211521152 72.3349611288
1685 gmail 0.0 0.0
1686 netflix 0.465646564656 577.338528812
1687 gmail 0.0 0.0
1688 gmail 0.396739673967 354.78259163
1689 netflix 0.0 0.0
1690 netflix 11.8524852485 16674.7088125
1691 netflix 0.54595459546 595.036167003
1692 netflix 0.772277227723 963.321379663
1693 netflix 2.11321132113 2479.91477596
1694 netflix 0.54595459546 595.036167003
1695 netflix 0.0640064006401 20.7517787682
1696 netflix 129.372037204 169742.633666
1697 netflix 129.514351435 170020.854655
1698 netflix 0.451345134513 488.421850126
1699 netflix 1.21242124212 1357.05398713
1700 netflix 0.0 0.0
1701 netflix 0.27902790279 310.529604175
1702 netflix 0.584758475848 651.807172437
1703 netflix 0.584758475848 651.807172437
1704 netflix 19.5751575158 27692.5883858
1705 netflix 0.585558555856 652.92474794
1706 netflix 13.9649964996 19319.5965345
1707 netflix 442.823482348 422387.399084
1708 gmail 7.34803480348 9931.01478537
1709 gmail 6.71487148715 9311.58816868
1710 gmail 8.26942694269 10927.1285292
1711 gmail 84.9064906491 110003.071864
1712 gmail 33.101810181 44283.2435601
1713 gmail 7.31573157316 10053.7207956
1714 gmail 7.39763976398 9723.64326276
1715 gmail 7.22802280228 9894.3940502
1716 netflix 0.814481448145 754.930779387
1717 netflix 0.0703070307031 24.7140288186
1718 gmail 0.198819881988 198.804355043
1719 gmail 0.198819881988 198.804355043
1720 gmail 0.198819881988 198.804355043
1721 gmail 0.198819881988 198.804355043
1722 netflix 0.115211521152 72.3349611288
1723 netflix 0.114111411141 43.4514250305
1724 netflix 0.115211521152 72.3349611288
1725 gmail 0.607860786079 717.591901404
1726 gmail 0.946594659466 1008.90603876
1727 netflix 0.40704070407 228.714805914
1728 netflix 0.771277127713 962.257216802
1729 netflix 0.451545154515 488.52207957
1730 gmail 0.613161316132 717.492920089
1731 netflix 0.930193019302 1152.50617809
1732 netflix 0.451445144514 488.471864849
1733 netflix 0.451345134513 488.421850126
1734 netflix 0.0 0.0
1735 netflix 0.853585358536 1003.21148604
1736 netflix 0.853585358536 1003.21148604
1737 netflix 0.853785378538 1003.31635506
1738 netflix 15.2530253025 20907.4419288
1739 netflix 23.8943894389 32675.9624438
1740 netflix 18.6370637064 25867.5683472
1741 netflix 23.9064906491 33379.8951464
1742 netflix 21.4580458046 28960.2026353
1743 gmail 984.565856586 417869.980436
1744 netflix 0.471947194719 509.31391951
1745 netflix 0.451345134513 488.421850126
1746 netflix 0.451345134513 488.421850126
1747 netflix 0.451545154515 488.52207957
1748 gmail 0.198819881988 158.690743682
1749 netflix 0.465746574657 577.540155836
1750 netflix 0.0 0.0
1751 netflix 0.40704070407 228.714805914
1752 netflix 0.0 0.0
1753 netflix 0.770877087709 961.716179558
1754 gmail 0.00810081008101 0.218656249063
1755 gmail 3.93419341934 5113.9186618
1756 gmail 4.07110711071 5326.40168445
1757 gmail 2.86508650865 3394.70797096
1758 gmail 1.23182318232 1434.67993138
1759 gmail 2.23902390239 2854.88976226
1760 gmail 21.1852185219 27558.544552
1761 gmail 31.8928892889 40984.6708955
1762 gmail 0.621462146215 709.332756698
1763 netflix 0.92099209921 994.709429319
1764 gmail 0.694169416942 815.715848592
1765 gmail 15.202920292 17643.6438919
1766 gmail 0.62696269627 709.527209807
1767 gmail 0.621562156216 709.388137933
1768 netflix 307.371937194 348533.311708
1769 gmail 1.50845084508 1702.52055565
1770 netflix 20.5845584558 28858.1032359
1771 netflix 20.6206620662 28856.4928664
1772 gmail 0.549154915492 629.571516188
1773 netflix 0.0 0.0
1774 netflix 0.614761476148 602.337239844
1775 gmail 2.01510151015 2244.82055402
1776 netflix 0.271727172717 239.628034531
1777 gmail 2.46134613461 2789.88786981
1778 gmail 6.07670767077 7243.66958348
1779 netflix 0.853385338534 1003.10741703
1780 gmail 2.12771277128 2371.15430651
1781 gmail 2.01510151015 2244.82055402
1782 unknown 0.0 0.0
1783 gmail 0.0 0.0
1784 gmail 0.0 0.0
1785 gmail 0.0 0.0
1786 netflix 0.406940694069 228.564172249
1787 gmail 5.40634063406 6724.73287709
1788 netflix 0.0 0.0
1789 netflix 0.145414541454 130.902747
1790 netflix 0.271727172717 239.628034531
1791 netflix 0.40704070407 228.714805914
1792 gmail 1.62156215622 1149.86418554
1793 netflix 0.230323032303 144.493705976
1794 gmail 16.8670867087 22475.6890047
1795 gmail 0.630563056306 720.645994593
1796 gmail 0.0 0.0
1797 netflix 1.299529953 1586.98468925
1798 netflix 3.88328832883 4935.01938168
1799 netflix 10.9617961796 15585.9787385
1800 netflix 0.0698069806981 24.3739648692
1801 netflix 0.95099509951 1185.82318108
1802 gmail 0.0 0.0
1803 netflix 0.466346634663 578.445687133
1804 gmail 0.0 0.0
1805 netflix 0.145414541454 130.902747
1806 netflix 0.40704070407 228.714805914
1807 netflix 25.9591959196 35885.768112
1808 netflix 1.17061706171 1635.55824855
1809 netflix 1.17061706171 1635.55824855
1810 netflix 1.17061706171 1635.55824855
1811 netflix 1.17061706171 1635.55824855
1812 netflix 1.17061706171 1635.55824855
1813 netflix 0.0 0.0
1814 netflix 1.17061706171 1635.55824855
1815 netflix 1.17061706171 1635.55824855
1816 netflix 1.17061706171 1635.55824855
1817 gmail 241.518251825 274038.926335
1818 gmail 1.13551355136 1231.23246116
1819 gmail 1.13841384138 1200.62610614
1820 gmail 1.13601360136 1200.78878103
1821 gmail 3.71867186719 4607.94655705
1822 gmail 0.0 0.0
1823 gmail 233.691969197 267305.706297
1824 netflix 21.5540554055 29442.146668
1825 netflix 1.05520552055 1360.06435909
1826 netflix 13.5177517752 18843.5722171
1827 netflix 11.3143314331 15978.5227579
1828 netflix 6.73917391739 9366.2434009
1829 netflix 2.02600260026 2451.08183212
1830 netflix 4.54205420542 5815.60036666
1831 netflix 3.74837483748 4703.66885799
1832 netflix 2.89468946895 3691.17652846
1833 netflix 3.77567756776 4823.94477896
1834 netflix 3.83778377838 4838.70295882
1835 netflix 2.85848584858 3689.64524027
1836 gmail 9.43684368437 10780.0413908
1837 gmail 14.8056805681 19410.6364074
1838 gmail 0.197819781978 156.55692694
1839 gmail 15.7152715272 21426.6735051
1840 gmail 1.45534553455 1592.25080626
1841 gmail 16.0674067407 21544.8163384
1842 unknown 0.242724272427 261.522943114
1843 gmail 4.29542954295 5736.64179429
1844 netflix 0.0 0.0
1845 netflix 0.291429142914 241.045782126
1846 netflix 0.0 0.0
1847 netflix 0.451245124512 488.372035403
1848 netflix 2.32463246325 2994.42406671
1849 gmail 0.58695869587 562.594473389
1850 gmail 0.834783478348 670.501356366
1851 gmail 0.586858685869 562.468078131
1852 gmail 0.58695869587 562.594473389
1853 netflix 0.11501150115 72.0357772551
1854 netflix 0.115211521152 72.3349611288
1855 gmail 0.589258925893 565.490757716
1856 netflix 0.321432143214 272.884980207
1857 netflix 1.85418541854 2241.97333757
1858 netflix 1.00050005001 1309.40264001
1859 gmail 16.8200820082 22528.4651793
1860 gmail 0.606860686069 715.218878823
1861 netflix 74.0320032003 100801.952371
1862 gmail 29.9755975598 37969.3031349
1863 netflix 0.018501850185 0.684226138385
1864 netflix 4.82358235824 6333.69484942
1865 netflix 0.72297229723 917.312594585
1866 gmail 0.946494649465 1008.80251771
1867 netflix 0.451345134513 488.421850126
1868 gmail 17.0870087009 22769.1195422
1869 netflix 0.295229522952 246.124060651
1870 gmail 13.00410041 17996.8709703
1871 netflix 1.39883988399 1733.65110776
1872 netflix 0.620262026203 694.996213113
1873 netflix 20.6470647065 28921.9061397
1874 gmail 14.6460646065 20307.8028226
1875 netflix 0.0 0.0
1876 netflix 1.02550255026 1263.84823451
1877 netflix 0.905490549055 1118.89065792
1878 netflix 2.66566656666 3424.49298163
1879 gmail 1.27922792279 1306.57169673
1880 gmail 15.8104810481 21786.7942656
1881 netflix 0.0704070407041 24.7855218965
1882 gmail 1.99359935994 2407.18327736
1883 gmail 0.739373937394 897.876868535
1884 gmail 72.5898589859 91276.4721484
1885 netflix 3.94839483948 5064.17115429
1886 gmail 0.621562156216 709.388137933
1887 netflix 24.2478247825 33703.6113502
1888 gmail 0.621562156216 709.388137933
1889 gmail 0.621462146215 709.332756698
1890 gmail 0.62396239624 705.900199881
1891 gmail 0.626862686269 709.471829652
1892 gmail 0.627162716272 709.638570118
1893 netflix 0.465346534653 502.048579115
1894 gmail 7.67816781678 10126.0608405
1895 gmail 0.62696269627 709.527209807
1896 gmail 7.11441144114 9330.32234356
1897 gmail 0.621462146215 709.332756698
1898 netflix 0.292129212921 242.64923398
1899 gmail 1.13611361136 1226.14298924
1900 netflix 2.15521552155 2974.46275683
1901 netflix 0.769176917692 959.452471279
1902 netflix 2.40164016402 2929.96569788
1903 netflix 1.07210721072 1397.55105618
1904 netflix 0.0 0.0
1905 netflix 11.7333733373 16430.1505324
1906 gmail 9.63106310631 12968.7736765
1907 netflix 0.40704070407 228.714805914
1908 gmail 0.0 0.0
1909 netflix 598.186718672 505097.769816
1910 unknown 0.472447244724 588.060621984
1911 netflix 0.40704070407 228.714805914
1912 netflix 0.770877087709 961.716179558
1913 netflix 1.96189618962 2400.38548679
1914 netflix 2.33413341334 2835.76144217
1915 netflix 20.7535753575 29001.1343944
1916 netflix 0.0 0.0
1917 netflix 0.115211521152 72.3349611288
1918 netflix 0.919391939194 1107.910094
1919 netflix 65.295029503 90152.7408404
1920 netflix 0.0703070307031 24.7140288186
1921 netflix 0.0698069806981 24.3739648692
1922 netflix 1.17061706171 1635.55824855
1923 netflix 1.17061706171 1635.55824855
1924 netflix 0.0703070307031 24.7140288186
1925 gmail 0.0 0.0
1926 netflix 1.17061706171 1635.55824855
1927 netflix 1.17061706171 1635.55824855
1928 netflix 1.17061706171 1635.55824855
1929 netflix 1.17061706171 1635.55824855
1930 netflix 1.17061706171 1635.55824855
1931 netflix 1.17061706171 1635.55824855
1932 netflix 1.17061706171 1635.55824855
1933 gmail 1.00460046005 1230.57983682
1934 netflix 0.0 0.0
1935 gmail 0.0 0.0
1936 netflix 0.115211521152 72.3349611288
1937 gmail 0.20102010201 203.569151875
1938 gmail 2.82398239824 3523.92661356
1939 gmail 20.2090209021 27604.6363783
1940 gmail 0.729872987299 621.035442238
1941 gmail 0.875087508751 677.417440174
1942 gmail 0.582558255826 565.319091725
1943 gmail 0.582258225823 467.885997861
1944 netflix 1.3495349535 1583.72751028
1945 netflix 2.47914791479 2687.77831806
1946 netflix 0.773177317732 964.8708437
1947 netflix 0.411841184118 232.205624363
1948 gmail 15.3939393939 19104.0799353
1949 netflix 0.40704070407 228.714805914
1950 gmail 0.853885388539 978.621214776
1951 netflix 0.294129412941 157.872783818
1952 netflix 6.41884188419 9046.00018903
1953 gmail 0.197819781978 196.670538301
1954 netflix 0.145414541454 130.902747
1955 netflix 17.8714871487 24556.8338695
1956 netflix 7.60546054605 10689.2615804
1957 netflix 1.45634563456 2041.0581753
1958 netflix 0.862886288629 1013.12381409
1959 gmail 6.83808380838 8931.992285
1960 gmail 7.40074007401 9728.42416587
1961 gmail 7.68356835684 10126.1236934
1962 gmail 7.68436843684 10126.3306197
1963 gmail 14.9262926293 19913.6304308
1964 gmail 7.12441244124 9330.25234833
1965 gmail 0.0 0.0
1966 netflix 1.76767676768 2283.14524584
1967 netflix 3.80668066807 5063.85431681
1968 netflix 130.166716672 170543.871295
1969 netflix 0.290529052905 322.276728983
1970 netflix 1.17061706171 1635.55824855
1971 gmail 0.0 0.0
1972 netflix 21.5136513651 29821.5399426
1973 gmail 0.0 0.0
1974 netflix 0.544754475448 698.309203157
1975 netflix 28.4815481548 39399.0203366
1976 gmail 0.0 0.0
1977 netflix 34.4297429743 45269.5505945
1978 netflix 19.4137413741 26638.6097962
1979 netflix 40.4619461946 52720.0729343
1980 gmail 0.0 0.0
1981 gmail 1.47554755476 1715.8625634
1982 netflix 25.6522652265 36071.4797406
1983 netflix 1.17061706171 1635.55824855
1984 gmail 0.951595159516 1180.79213642
1985 netflix 17.6121612161 24971.8745836
1986 gmail 0.622662266227 715.107441217
